0.01764339953660965
0.010770279914140701
0.010016648098826408
0.01013605110347271
0.009036255069077015
0.01053197868168354
0.01137615367770195
0.00880356039851904
0.008498652838170528
0.010876529850065708
0.006026813294738531
0.010573577135801315
0.012614788487553596
0.007951077073812485
0.008850263431668282
0.007199055980890989
0.007569437846541405
0.011005829088389874
0.0068038939498364925
0.004968120716512203
0.0061843013390898705
0.006488770712167025
0.004496968816965818
0.003032162319868803
0.003805432701483369
0.004230493679642677
0.0028361058793962
0.0018612775020301342
0.0023000154178589582
0.0016378490254282951
0.0015780352987349033
0.0014630566583946347
0.0012453339295461774
0.0014980626292526722
0.0014126441674306989
0.00222259433940053
0.001257993862964213
0.0015491488156840205
0.0008150282665155828
0.0011918838135898113
0.0013353766407817602
0.001086455537006259
0.0008480681572109461
0.0010896435705944896
0.001105808187276125
0.0013410878600552678
0.0009163630893453956
0.0012199754128232598
0.001096979365684092
0.0017139270203188062
0.0010509466519579291
0.0010294732637703419
0.001096797059290111
0.0011578196426853538
0.0010145094711333513
0.0010187308071181178
0.0010844673961400986
0.000862577639054507
0.0011498457752168179
0.0011172191007062793
0.001263519050553441
0.001045931945554912
0.0008839752990752459
0.0010527805425226688
0.0008231982938013971
0.0010153474286198616
0.0014569101622328162
0.000763724441640079
0.0010660720290616155
0.0012301432434469461
0.0008076050435192883
0.001162526779808104
0.0008910067845135927
0.0010975142940878868
0.000772460363805294
0.001138916122727096
0.001466193119995296
0.0007497083861380816
0.0008954268414527178
0.0010021987836807966
0.0012654669117182493
0.001075018779374659
0.0009902179008349776
0.0009052683017216623
0.0008633548277430236
0.0008119614794850349
0.001050022547133267
0.0008254350395873189
0.0009253889438696206
0.0009264188702218235
0.0010409505339339375
0.0005064790020696819
0.0011806413531303406
0.0010848079109564424
0.0009742161491885781
0.0009540333412587643
0.0006368113099597394
0.0006638168706558645
0.0010114049073308706
0.0007154864724725485
0.0008379613282158971
0.0010280599817633629
0.0007493015145882964
0.0009219561470672488
0.0009113703854382038
0.0008223340846598148
0.0007565920823253691
0.0007449599215760827
0.0009350439067929983
0.0008765268139541149
0.0007294367533177137
0.0008933108765631914
0.0009772803168743849
0.0009550955146551132
0.0009593999711796641
0.0007142823887988925
0.0006080033490434289
0.0009562572813592851
0.0007551583112217486
0.001168798073194921
0.0009162326459772885
0.0007691570790484548
0.0009973542764782906
0.0009588022949174047
0.0005563680897466838
0.0009717271896079183
0.0011910932371392846
0.0008522348944097757
0.0008722445927560329
0.0007283245795406401
0.0006261065136641264
0.000858403043821454
0.0007053590379655361
0.000775642110966146
0.0006317737861536443
0.0007868489483371377
0.0007798493024893105
0.0004965226398780942
0.0007712339865975082
0.0009164125076495111
0.0007664999575354159
0.000618303194642067
0.0009975774446502328
0.0012391323689371347
0.000738245144020766
0.0008560129208490252
0.0009388276957906783
0.0009182647918350995
0.0006769228493794799
0.0008082771091721952
0.0007045100210234523
0.0008134822710417211
0.0012441723374649882
0.0009190504788421094
0.0008260145550593734
0.00082490622298792
0.00043818471021950245
0.00102950818836689
0.0006303092231974006
0.0005686949007213116
0.000539453758392483
0.0007461008499376476
0.0009171548881568015
0.0006892116507515311
0.0007248184992931783
0.0005840255180373788
0.0010677837999537587
0.0006299990345723927
0.0006676287157461047
0.0009687553974799812
0.0007783269975334406
0.0009689038270153105
0.0006448848289437592
0.000728524406440556
0.0008462712867185473
0.0008138592820614576
0.0006657973281107843
0.0007215336663648486
0.0008327034302055836
0.00094284035731107
0.0007054151501506567
0.0006544141797348857
0.000672850466798991
0.000808786484412849
0.0010750903747975826
0.0007354879635386169
0.0006574490107595921
0.0009480277658440173
0.0008716961019672453
0.000973433954641223
0.000713106885086745
0.0007483401568606496
0.0006944781052879989
0.000808493816293776
0.0007213431526906788
0.0005731692654080689
0.0009563823114149272
0.0007612461340613663
0.000918877252843231
0.0007389160455204546
0.0008801040821708739
0.0005455851787701249
0.0005959526752121747
0.0005854872288182378
0.0006980416364967823
0.000836653751321137
0.0008857783977873623
0.0007813135161995888
0.000791104685049504
0.000574038305785507
0.0005423535476438701
0.0007525035180151463
0.0009498567669652402
0.0006233648746274412
0.0008298556203953922
0.000608034897595644
0.0008727450622245669
0.0011118187103420496
0.0007127015269361436
0.000641138234641403
0.0005769584677182138
0.0008039079839363694
0.0005909347673878074
0.0007312349625863135
0.0009063571924343705
0.0007587854634039104
0.0007011836860328913
0.0005116161191836
0.0007264078594744205
0.0008047681767493486
0.0005358834750950336
0.0008760575437918305
0.0007016431773081422
0.0010558866197243333
0.0005740533815696836
0.0005369296995922923
0.000718326773494482
0.0007990758749656379
0.0004884205991402268
0.0006857594125904143
0.000777559238485992
0.000843816960696131
0.0006950103561393917
0.001034772489219904
0.0008178661810234189
0.000810442550573498
0.0008528381586074829
0.0009042444871738553
0.0008633170509710908
0.0005473200581036508
0.0007592759211547673
0.0008857726934365928
0.001213810290209949